2 0
2 0
2 800
2 800
2 1000
2 1000
2 0
2 0
2 800
2 800
2 20
2 20
2 820
2 820
2 1020
2 1020
2 20
2 20
2 820
2 820
2 40
2 40
2 840
2 840
2 1040
2 1040
2 40
2 40
2 840
2 840
2 60
2 60
2 860
2 860
2 1060
2 1060
2 60
2 60
2 860
2 860
2 80
2 80
2 880
2 880
2 1080
2 1080
2 80
2 80
2 880
2 880
2 a0
2 a0
2 8a0
2 8a0
2 10a0
2 10a0
2 a0
2 a0
2 8a0
2 8a0
2 c0
2 c0
2 8c0
2 8c0
2 10c0
2 10c0
2 c0
2 c0
2 8c0
2 8c0
2 e0
2 e0
2 8e0
2 8e0
2 10e0
2 10e0
2 e0
2 e0
2 8e0
2 8e0
2 100
2 100
2 900
2 900
2 1100
2 1100
2 100
2 100
2 900
2 900
2 120
2 120
2 920
2 920
2 1120
2 1120
2 120
2 120
2 920
2 920
2 140
2 140
2 940
2 940
2 1140
2 1140
2 140
2 140
2 940
2 940
2 160
2 160
2 960
2 960
2 1160
2 1160
2 160
2 160
2 960
2 960
2 180
2 180
2 980
2 980
2 1180
2 1180
2 180
2 180
2 980
2 980
2 1a0
2 1a0
2 9a0
2 9a0
2 11a0
2 11a0
2 1a0
2 1a0
2 9a0
2 9a0
2 1c0
2 1c0
2 9c0
2 9c0
2 11c0
2 11c0
2 1c0
2 1c0
2 9c0
2 9c0
2 1e0
2 1e0
2 9e0
2 9e0
2 11e0
2 11e0
2 1e0
2 1e0
2 9e0
2 9e0
2 200
2 200
2 a00
2 a00
2 1200
2 1200
2 200
2 200
2 a00
2 a00
2 220
2 220
2 a20
2 a20
2 1220
2 1220
2 220
2 220
2 a20
2 a20
2 240
2 240
2 a40
2 a40
2 1240
2 1240
2 240
2 240
2 a40
2 a40
2 260
2 260
2 a60
2 a60
2 1260
2 1260
2 260
2 260
2 a60
2 a60
2 280
2 280
2 a80
2 a80
2 1280
2 1280
2 280
2 280
2 a80
2 a80
2 2a0
2 2a0
2 aa0
2 aa0
2 12a0
2 12a0
2 2a0
2 2a0
2 aa0
2 aa0
2 2c0
2 2c0
2 ac0
2 ac0
2 12c0
2 12c0
2 2c0
2 2c0
2 ac0
2 ac0
2 2e0
2 2e0
2 ae0
2 ae0
2 12e0
2 12e0
2 2e0
2 2e0
2 ae0
2 ae0
2 300
2 300
2 b00
2 b00
2 1300
2 1300
2 300
2 300
2 b00
2 b00
2 320
2 320
2 b20
2 b20
2 1320
2 1320
2 320
2 320
2 b20
2 b20
2 340
2 340
2 b40
2 b40
2 1340
2 1340
2 340
2 340
2 b40
2 b40
2 360
2 360
2 b60
2 b60
2 1360
2 1360
2 360
2 360
2 b60
2 b60
2 380
2 380
2 b80
2 b80
2 1380
2 1380
2 380
2 380
2 b80
2 b80
2 3a0
2 3a0
2 ba0
2 ba0
2 13a0
2 13a0
2 3a0
2 3a0
2 ba0
2 ba0
2 3c0
2 3c0
2 bc0
2 bc0
2 13c0
2 13c0
2 3c0
2 3c0
2 bc0
2 bc0
2 3e0
2 3e0
2 be0
2 be0
2 13e0
2 13e0
2 3e0
2 3e0
2 be0
2 be0
2 400
2 400
2 c00
2 c00
2 1400
2 1400
2 400
2 400
2 c00
2 c00
2 420
2 420
2 c20
2 c20
2 1420
2 1420
2 420
2 420
2 c20
2 c20
2 440
2 440
2 c40
2 c40
2 1440
2 1440
2 440
2 440
2 c40
2 c40
2 460
2 460
2 c60
2 c60
2 1460
2 1460
2 460
2 460
2 c60
2 c60
2 480
2 480
2 c80
2 c80
2 1480
2 1480
2 480
2 480
2 c80
2 c80
2 4a0
2 4a0
2 ca0
2 ca0
2 14a0
2 14a0
2 4a0
2 4a0
2 ca0
2 ca0
2 4c0
2 4c0
2 cc0
2 cc0
2 14c0
2 14c0
2 4c0
2 4c0
2 cc0
2 cc0
2 4e0
2 4e0
2 ce0
2 ce0
2 14e0
2 14e0
2 4e0
2 4e0
2 ce0
2 ce0
2 500
2 500
2 d00
2 d00
2 1500
2 1500
2 500
2 500
2 d00
2 d00
2 520
2 520
2 d20
2 d20
2 1520
2 1520
2 520
2 520
2 d20
2 d20
2 540
2 540
2 d40
2 d40
2 1540
2 1540
2 540
2 540
2 d40
2 d40
2 560
2 560
2 d60
2 d60
2 1560
2 1560
2 560
2 560
2 d60
2 d60
2 580
2 580
2 d80
2 d80
2 1580
2 1580
2 580
2 580
2 d80
2 d80
2 5a0
2 5a0
2 da0
2 da0
2 15a0
2 15a0
2 5a0
2 5a0
2 da0
2 da0
2 5c0
2 5c0
2 dc0
2 dc0
2 15c0
2 15c0
2 5c0
2 5c0
2 dc0
2 dc0
2 5e0
2 5e0
2 de0
2 de0
2 15e0
2 15e0
2 5e0
2 5e0
2 de0
2 de0
2 600
2 600
2 e00
2 e00
2 1600
2 1600
2 600
2 600
2 e00
2 e00
2 620
2 620
2 e20
2 e20
2 1620
2 1620
2 620
2 620
2 e20
2 e20
2 640
2 640
2 e40
2 e40
2 1640
2 1640
2 640
2 640
2 e40
2 e40
2 660
2 660
2 e60
2 e60
2 1660
2 1660
2 660
2 660
2 e60
2 e60
2 680
2 680
2 e80
2 e80
2 1680
2 1680
2 680
2 680
2 e80
2 e80
2 6a0
2 6a0
2 ea0
2 ea0
2 16a0
2 16a0
2 6a0
2 6a0
2 ea0
2 ea0
2 6c0
2 6c0
2 ec0
2 ec0
2 16c0
2 16c0
2 6c0
2 6c0
2 ec0
2 ec0
2 6e0
2 6e0
2 ee0
2 ee0
2 16e0
2 16e0
2 6e0
2 6e0
2 ee0
2 ee0
2 700
2 700
2 f00
2 f00
2 1700
2 1700
2 700
2 700
2 f00
2 f00
2 720
2 720
2 f20
2 f20
2 1720
2 1720
2 720
2 720
2 f20
2 f20
2 740
2 740
2 f40
2 f40
2 1740
2 1740
2 740
2 740
2 f40
2 f40
2 760
2 760
2 f60
2 f60
2 1760
2 1760
2 760
2 760
2 f60
2 f60
2 780
2 780
2 f80
2 f80
2 1780
2 1780
2 780
2 780
2 f80
2 f80
2 7a0
2 7a0
2 fa0
2 fa0
2 17a0
2 17a0
2 7a0
2 7a0
2 fa0
2 fa0
2 7c0
2 7c0
2 fc0
2 fc0
2 17c0
2 17c0
2 7c0
2 7c0
2 fc0
2 fc0
2 7e0
2 7e0
2 fe0
2 fe0
2 17e0
2 17e0
2 7e0
2 7e0
2 fe0
2 fe0
