0 0
1 0
0 4000
1 4000
0 8000
1 8000
0 0
1 0
0 4000
1 4000
0 20
1 20
0 4020
1 4020
0 8020
1 8020
0 20
1 20
0 4020
1 4020
0 40
1 40
0 4040
1 4040
0 8040
1 8040
0 40
1 40
0 4040
1 4040
0 60
1 60
0 4060
1 4060
0 8060
1 8060
0 60
1 60
0 4060
1 4060
0 80
1 80
0 4080
1 4080
0 8080
1 8080
0 80
1 80
0 4080
1 4080
0 a0
1 a0
0 40a0
1 40a0
0 80a0
1 80a0
0 a0
1 a0
0 40a0
1 40a0
0 c0
1 c0
0 40c0
1 40c0
0 80c0
1 80c0
0 c0
1 c0
0 40c0
1 40c0
0 e0
1 e0
0 40e0
1 40e0
0 80e0
1 80e0
0 e0
1 e0
0 40e0
1 40e0
0 100
1 100
0 4100
1 4100
0 8100
1 8100
0 100
1 100
0 4100
1 4100
0 120
1 120
0 4120
1 4120
0 8120
1 8120
0 120
1 120
0 4120
1 4120
0 140
1 140
0 4140
1 4140
0 8140
1 8140
0 140
1 140
0 4140
1 4140
0 160
1 160
0 4160
1 4160
0 8160
1 8160
0 160
1 160
0 4160
1 4160
0 180
1 180
0 4180
1 4180
0 8180
1 8180
0 180
1 180
0 4180
1 4180
0 1a0
1 1a0
0 41a0
1 41a0
0 81a0
1 81a0
0 1a0
1 1a0
0 41a0
1 41a0
0 1c0
1 1c0
0 41c0
1 41c0
0 81c0
1 81c0
0 1c0
1 1c0
0 41c0
1 41c0
0 1e0
1 1e0
0 41e0
1 41e0
0 81e0
1 81e0
0 1e0
1 1e0
0 41e0
1 41e0
0 200
1 200
0 4200
1 4200
0 8200
1 8200
0 200
1 200
0 4200
1 4200
0 220
1 220
0 4220
1 4220
0 8220
1 8220
0 220
1 220
0 4220
1 4220
0 240
1 240
0 4240
1 4240
0 8240
1 8240
0 240
1 240
0 4240
1 4240
0 260
1 260
0 4260
1 4260
0 8260
1 8260
0 260
1 260
0 4260
1 4260
0 280
1 280
0 4280
1 4280
0 8280
1 8280
0 280
1 280
0 4280
1 4280
0 2a0
1 2a0
0 42a0
1 42a0
0 82a0
1 82a0
0 2a0
1 2a0
0 42a0
1 42a0
0 2c0
1 2c0
0 42c0
1 42c0
0 82c0
1 82c0
0 2c0
1 2c0
0 42c0
1 42c0
0 2e0
1 2e0
0 42e0
1 42e0
0 82e0
1 82e0
0 2e0
1 2e0
0 42e0
1 42e0
0 300
1 300
0 4300
1 4300
0 8300
1 8300
0 300
1 300
0 4300
1 4300
0 320
1 320
0 4320
1 4320
0 8320
1 8320
0 320
1 320
0 4320
1 4320
0 340
1 340
0 4340
1 4340
0 8340
1 8340
0 340
1 340
0 4340
1 4340
0 360
1 360
0 4360
1 4360
0 8360
1 8360
0 360
1 360
0 4360
1 4360
0 380
1 380
0 4380
1 4380
0 8380
1 8380
0 380
1 380
0 4380
1 4380
0 3a0
1 3a0
0 43a0
1 43a0
0 83a0
1 83a0
0 3a0
1 3a0
0 43a0
1 43a0
0 3c0
1 3c0
0 43c0
1 43c0
0 83c0
1 83c0
0 3c0
1 3c0
0 43c0
1 43c0
0 3e0
1 3e0
0 43e0
1 43e0
0 83e0
1 83e0
0 3e0
1 3e0
0 43e0
1 43e0
0 400
1 400
0 4400
1 4400
0 8400
1 8400
0 400
1 400
0 4400
1 4400
0 420
1 420
0 4420
1 4420
0 8420
1 8420
0 420
1 420
0 4420
1 4420
0 440
1 440
0 4440
1 4440
0 8440
1 8440
0 440
1 440
0 4440
1 4440
0 460
1 460
0 4460
1 4460
0 8460
1 8460
0 460
1 460
0 4460
1 4460
0 480
1 480
0 4480
1 4480
0 8480
1 8480
0 480
1 480
0 4480
1 4480
0 4a0
1 4a0
0 44a0
1 44a0
0 84a0
1 84a0
0 4a0
1 4a0
0 44a0
1 44a0
0 4c0
1 4c0
0 44c0
1 44c0
0 84c0
1 84c0
0 4c0
1 4c0
0 44c0
1 44c0
0 4e0
1 4e0
0 44e0
1 44e0
0 84e0
1 84e0
0 4e0
1 4e0
0 44e0
1 44e0
0 500
1 500
0 4500
1 4500
0 8500
1 8500
0 500
1 500
0 4500
1 4500
0 520
1 520
0 4520
1 4520
0 8520
1 8520
0 520
1 520
0 4520
1 4520
0 540
1 540
0 4540
1 4540
0 8540
1 8540
0 540
1 540
0 4540
1 4540
0 560
1 560
0 4560
1 4560
0 8560
1 8560
0 560
1 560
0 4560
1 4560
0 580
1 580
0 4580
1 4580
0 8580
1 8580
0 580
1 580
0 4580
1 4580
0 5a0
1 5a0
0 45a0
1 45a0
0 85a0
1 85a0
0 5a0
1 5a0
0 45a0
1 45a0
0 5c0
1 5c0
0 45c0
1 45c0
0 85c0
1 85c0
0 5c0
1 5c0
0 45c0
1 45c0
0 5e0
1 5e0
0 45e0
1 45e0
0 85e0
1 85e0
0 5e0
1 5e0
0 45e0
1 45e0
0 600
1 600
0 4600
1 4600
0 8600
1 8600
0 600
1 600
0 4600
1 4600
0 620
1 620
0 4620
1 4620
0 8620
1 8620
0 620
1 620
0 4620
1 4620
0 640
1 640
0 4640
1 4640
0 8640
1 8640
0 640
1 640
0 4640
1 4640
0 660
1 660
0 4660
1 4660
0 8660
1 8660
0 660
1 660
0 4660
1 4660
0 680
1 680
0 4680
1 4680
0 8680
1 8680
0 680
1 680
0 4680
1 4680
0 6a0
1 6a0
0 46a0
1 46a0
0 86a0
1 86a0
0 6a0
1 6a0
0 46a0
1 46a0
0 6c0
1 6c0
0 46c0
1 46c0
0 86c0
1 86c0
0 6c0
1 6c0
0 46c0
1 46c0
0 6e0
1 6e0
0 46e0
1 46e0
0 86e0
1 86e0
0 6e0
1 6e0
0 46e0
1 46e0
0 700
1 700
0 4700
1 4700
0 8700
1 8700
0 700
1 700
0 4700
1 4700
0 720
1 720
0 4720
1 4720
0 8720
1 8720
0 720
1 720
0 4720
1 4720
0 740
1 740
0 4740
1 4740
0 8740
1 8740
0 740
1 740
0 4740
1 4740
0 760
1 760
0 4760
1 4760
0 8760
1 8760
0 760
1 760
0 4760
1 4760
0 780
1 780
0 4780
1 4780
0 8780
1 8780
0 780
1 780
0 4780
1 4780
0 7a0
1 7a0
0 47a0
1 47a0
0 87a0
1 87a0
0 7a0
1 7a0
0 47a0
1 47a0
0 7c0
1 7c0
0 47c0
1 47c0
0 87c0
1 87c0
0 7c0
1 7c0
0 47c0
1 47c0
0 7e0
1 7e0
0 47e0
1 47e0
0 87e0
1 87e0
0 7e0
1 7e0
0 47e0
1 47e0
0 800
1 800
0 4800
1 4800
0 8800
1 8800
0 800
1 800
0 4800
1 4800
0 820
1 820
0 4820
1 4820
0 8820
1 8820
0 820
1 820
0 4820
1 4820
0 840
1 840
0 4840
1 4840
0 8840
1 8840
0 840
1 840
0 4840
1 4840
0 860
1 860
0 4860
1 4860
0 8860
1 8860
0 860
1 860
0 4860
1 4860
0 880
1 880
0 4880
1 4880
0 8880
1 8880
0 880
1 880
0 4880
1 4880
0 8a0
1 8a0
0 48a0
1 48a0
0 88a0
1 88a0
0 8a0
1 8a0
0 48a0
1 48a0
0 8c0
1 8c0
0 48c0
1 48c0
0 88c0
1 88c0
0 8c0
1 8c0
0 48c0
1 48c0
0 8e0
1 8e0
0 48e0
1 48e0
0 88e0
1 88e0
0 8e0
1 8e0
0 48e0
1 48e0
0 900
1 900
0 4900
1 4900
0 8900
1 8900
0 900
1 900
0 4900
1 4900
0 920
1 920
0 4920
1 4920
0 8920
1 8920
0 920
1 920
0 4920
1 4920
0 940
1 940
0 4940
1 4940
0 8940
1 8940
0 940
1 940
0 4940
1 4940
0 960
1 960
0 4960
1 4960
0 8960
1 8960
0 960
1 960
0 4960
1 4960
0 980
1 980
0 4980
1 4980
0 8980
1 8980
0 980
1 980
0 4980
1 4980
0 9a0
1 9a0
0 49a0
1 49a0
0 89a0
1 89a0
0 9a0
1 9a0
0 49a0
1 49a0
0 9c0
1 9c0
0 49c0
1 49c0
0 89c0
1 89c0
0 9c0
1 9c0
0 49c0
1 49c0
0 9e0
1 9e0
0 49e0
1 49e0
0 89e0
1 89e0
0 9e0
1 9e0
0 49e0
1 49e0
0 a00
1 a00
0 4a00
1 4a00
0 8a00
1 8a00
0 a00
1 a00
0 4a00
1 4a00
0 a20
1 a20
0 4a20
1 4a20
0 8a20
1 8a20
0 a20
1 a20
0 4a20
1 4a20
0 a40
1 a40
0 4a40
1 4a40
0 8a40
1 8a40
0 a40
1 a40
0 4a40
1 4a40
0 a60
1 a60
0 4a60
1 4a60
0 8a60
1 8a60
0 a60
1 a60
0 4a60
1 4a60
0 a80
1 a80
0 4a80
1 4a80
0 8a80
1 8a80
0 a80
1 a80
0 4a80
1 4a80
0 aa0
1 aa0
0 4aa0
1 4aa0
0 8aa0
1 8aa0
0 aa0
1 aa0
0 4aa0
1 4aa0
0 ac0
1 ac0
0 4ac0
1 4ac0
0 8ac0
1 8ac0
0 ac0
1 ac0
0 4ac0
1 4ac0
0 ae0
1 ae0
0 4ae0
1 4ae0
0 8ae0
1 8ae0
0 ae0
1 ae0
0 4ae0
1 4ae0
0 b00
1 b00
0 4b00
1 4b00
0 8b00
1 8b00
0 b00
1 b00
0 4b00
1 4b00
0 b20
1 b20
0 4b20
1 4b20
0 8b20
1 8b20
0 b20
1 b20
0 4b20
1 4b20
0 b40
1 b40
0 4b40
1 4b40
0 8b40
1 8b40
0 b40
1 b40
0 4b40
1 4b40
0 b60
1 b60
0 4b60
1 4b60
0 8b60
1 8b60
0 b60
1 b60
0 4b60
1 4b60
0 b80
1 b80
0 4b80
1 4b80
0 8b80
1 8b80
0 b80
1 b80
0 4b80
1 4b80
0 ba0
1 ba0
0 4ba0
1 4ba0
0 8ba0
1 8ba0
0 ba0
1 ba0
0 4ba0
1 4ba0
0 bc0
1 bc0
0 4bc0
1 4bc0
0 8bc0
1 8bc0
0 bc0
1 bc0
0 4bc0
1 4bc0
0 be0
1 be0
0 4be0
1 4be0
0 8be0
1 8be0
0 be0
1 be0
0 4be0
1 4be0
0 c00
1 c00
0 4c00
1 4c00
0 8c00
1 8c00
0 c00
1 c00
0 4c00
1 4c00
0 c20
1 c20
0 4c20
1 4c20
0 8c20
1 8c20
0 c20
1 c20
0 4c20
1 4c20
0 c40
1 c40
0 4c40
1 4c40
0 8c40
1 8c40
0 c40
1 c40
0 4c40
1 4c40
0 c60
1 c60
0 4c60
1 4c60
0 8c60
1 8c60
0 c60
1 c60
0 4c60
1 4c60
0 c80
1 c80
0 4c80
1 4c80
0 8c80
1 8c80
0 c80
1 c80
0 4c80
1 4c80
0 ca0
1 ca0
0 4ca0
1 4ca0
0 8ca0
1 8ca0
0 ca0
1 ca0
0 4ca0
1 4ca0
0 cc0
1 cc0
0 4cc0
1 4cc0
0 8cc0
1 8cc0
0 cc0
1 cc0
0 4cc0
1 4cc0
0 ce0
1 ce0
0 4ce0
1 4ce0
0 8ce0
1 8ce0
0 ce0
1 ce0
0 4ce0
1 4ce0
0 d00
1 d00
0 4d00
1 4d00
0 8d00
1 8d00
0 d00
1 d00
0 4d00
1 4d00
0 d20
1 d20
0 4d20
1 4d20
0 8d20
1 8d20
0 d20
1 d20
0 4d20
1 4d20
0 d40
1 d40
0 4d40
1 4d40
0 8d40
1 8d40
0 d40
1 d40
0 4d40
1 4d40
0 d60
1 d60
0 4d60
1 4d60
0 8d60
1 8d60
0 d60
1 d60
0 4d60
1 4d60
0 d80
1 d80
0 4d80
1 4d80
0 8d80
1 8d80
0 d80
1 d80
0 4d80
1 4d80
0 da0
1 da0
0 4da0
1 4da0
0 8da0
1 8da0
0 da0
1 da0
0 4da0
1 4da0
0 dc0
1 dc0
0 4dc0
1 4dc0
0 8dc0
1 8dc0
0 dc0
1 dc0
0 4dc0
1 4dc0
0 de0
1 de0
0 4de0
1 4de0
0 8de0
1 8de0
0 de0
1 de0
0 4de0
1 4de0
0 e00
1 e00
0 4e00
1 4e00
0 8e00
1 8e00
0 e00
1 e00
0 4e00
1 4e00
0 e20
1 e20
0 4e20
1 4e20
0 8e20
1 8e20
0 e20
1 e20
0 4e20
1 4e20
0 e40
1 e40
0 4e40
1 4e40
0 8e40
1 8e40
0 e40
1 e40
0 4e40
1 4e40
0 e60
1 e60
0 4e60
1 4e60
0 8e60
1 8e60
0 e60
1 e60
0 4e60
1 4e60
0 e80
1 e80
0 4e80
1 4e80
0 8e80
1 8e80
0 e80
1 e80
0 4e80
1 4e80
0 ea0
1 ea0
0 4ea0
1 4ea0
0 8ea0
1 8ea0
0 ea0
1 ea0
0 4ea0
1 4ea0
0 ec0
1 ec0
0 4ec0
1 4ec0
0 8ec0
1 8ec0
0 ec0
1 ec0
0 4ec0
1 4ec0
0 ee0
1 ee0
0 4ee0
1 4ee0
0 8ee0
1 8ee0
0 ee0
1 ee0
0 4ee0
1 4ee0
0 f00
1 f00
0 4f00
1 4f00
0 8f00
1 8f00
0 f00
1 f00
0 4f00
1 4f00
0 f20
1 f20
0 4f20
1 4f20
0 8f20
1 8f20
0 f20
1 f20
0 4f20
1 4f20
0 f40
1 f40
0 4f40
1 4f40
0 8f40
1 8f40
0 f40
1 f40
0 4f40
1 4f40
0 f60
1 f60
0 4f60
1 4f60
0 8f60
1 8f60
0 f60
1 f60
0 4f60
1 4f60
0 f80
1 f80
0 4f80
1 4f80
0 8f80
1 8f80
0 f80
1 f80
0 4f80
1 4f80
0 fa0
1 fa0
0 4fa0
1 4fa0
0 8fa0
1 8fa0
0 fa0
1 fa0
0 4fa0
1 4fa0
0 fc0
1 fc0
0 4fc0
1 4fc0
0 8fc0
1 8fc0
0 fc0
1 fc0
0 4fc0
1 4fc0
0 fe0
1 fe0
0 4fe0
1 4fe0
0 8fe0
1 8fe0
0 fe0
1 fe0
0 4fe0
1 4fe0
0 1000
1 1000
0 5000
1 5000
0 9000
1 9000
0 1000
1 1000
0 5000
1 5000
0 1020
1 1020
0 5020
1 5020
0 9020
1 9020
0 1020
1 1020
0 5020
1 5020
0 1040
1 1040
0 5040
1 5040
0 9040
1 9040
0 1040
1 1040
0 5040
1 5040
0 1060
1 1060
0 5060
1 5060
0 9060
1 9060
0 1060
1 1060
0 5060
1 5060
0 1080
1 1080
0 5080
1 5080
0 9080
1 9080
0 1080
1 1080
0 5080
1 5080
0 10a0
1 10a0
0 50a0
1 50a0
0 90a0
1 90a0
0 10a0
1 10a0
0 50a0
1 50a0
0 10c0
1 10c0
0 50c0
1 50c0
0 90c0
1 90c0
0 10c0
1 10c0
0 50c0
1 50c0
0 10e0
1 10e0
0 50e0
1 50e0
0 90e0
1 90e0
0 10e0
1 10e0
0 50e0
1 50e0
0 1100
1 1100
0 5100
1 5100
0 9100
1 9100
0 1100
1 1100
0 5100
1 5100
0 1120
1 1120
0 5120
1 5120
0 9120
1 9120
0 1120
1 1120
0 5120
1 5120
0 1140
1 1140
0 5140
1 5140
0 9140
1 9140
0 1140
1 1140
0 5140
1 5140
0 1160
1 1160
0 5160
1 5160
0 9160
1 9160
0 1160
1 1160
0 5160
1 5160
0 1180
1 1180
0 5180
1 5180
0 9180
1 9180
0 1180
1 1180
0 5180
1 5180
0 11a0
1 11a0
0 51a0
1 51a0
0 91a0
1 91a0
0 11a0
1 11a0
0 51a0
1 51a0
0 11c0
1 11c0
0 51c0
1 51c0
0 91c0
1 91c0
0 11c0
1 11c0
0 51c0
1 51c0
0 11e0
1 11e0
0 51e0
1 51e0
0 91e0
1 91e0
0 11e0
1 11e0
0 51e0
1 51e0
0 1200
1 1200
0 5200
1 5200
0 9200
1 9200
0 1200
1 1200
0 5200
1 5200
0 1220
1 1220
0 5220
1 5220
0 9220
1 9220
0 1220
1 1220
0 5220
1 5220
0 1240
1 1240
0 5240
1 5240
0 9240
1 9240
0 1240
1 1240
0 5240
1 5240
0 1260
1 1260
0 5260
1 5260
0 9260
1 9260
0 1260
1 1260
0 5260
1 5260
0 1280
1 1280
0 5280
1 5280
0 9280
1 9280
0 1280
1 1280
0 5280
1 5280
0 12a0
1 12a0
0 52a0
1 52a0
0 92a0
1 92a0
0 12a0
1 12a0
0 52a0
1 52a0
0 12c0
1 12c0
0 52c0
1 52c0
0 92c0
1 92c0
0 12c0
1 12c0
0 52c0
1 52c0
0 12e0
1 12e0
0 52e0
1 52e0
0 92e0
1 92e0
0 12e0
1 12e0
0 52e0
1 52e0
0 1300
1 1300
0 5300
1 5300
0 9300
1 9300
0 1300
1 1300
0 5300
1 5300
0 1320
1 1320
0 5320
1 5320
0 9320
1 9320
0 1320
1 1320
0 5320
1 5320
0 1340
1 1340
0 5340
1 5340
0 9340
1 9340
0 1340
1 1340
0 5340
1 5340
0 1360
1 1360
0 5360
1 5360
0 9360
1 9360
0 1360
1 1360
0 5360
1 5360
0 1380
1 1380
0 5380
1 5380
0 9380
1 9380
0 1380
1 1380
0 5380
1 5380
0 13a0
1 13a0
0 53a0
1 53a0
0 93a0
1 93a0
0 13a0
1 13a0
0 53a0
1 53a0
0 13c0
1 13c0
0 53c0
1 53c0
0 93c0
1 93c0
0 13c0
1 13c0
0 53c0
1 53c0
0 13e0
1 13e0
0 53e0
1 53e0
0 93e0
1 93e0
0 13e0
1 13e0
0 53e0
1 53e0
0 1400
1 1400
0 5400
1 5400
0 9400
1 9400
0 1400
1 1400
0 5400
1 5400
0 1420
1 1420
0 5420
1 5420
0 9420
1 9420
0 1420
1 1420
0 5420
1 5420
0 1440
1 1440
0 5440
1 5440
0 9440
1 9440
0 1440
1 1440
0 5440
1 5440
0 1460
1 1460
0 5460
1 5460
0 9460
1 9460
0 1460
1 1460
0 5460
1 5460
0 1480
1 1480
0 5480
1 5480
0 9480
1 9480
0 1480
1 1480
0 5480
1 5480
0 14a0
1 14a0
0 54a0
1 54a0
0 94a0
1 94a0
0 14a0
1 14a0
0 54a0
1 54a0
0 14c0
1 14c0
0 54c0
1 54c0
0 94c0
1 94c0
0 14c0
1 14c0
0 54c0
1 54c0
0 14e0
1 14e0
0 54e0
1 54e0
0 94e0
1 94e0
0 14e0
1 14e0
0 54e0
1 54e0
0 1500
1 1500
0 5500
1 5500
0 9500
1 9500
0 1500
1 1500
0 5500
1 5500
0 1520
1 1520
0 5520
1 5520
0 9520
1 9520
0 1520
1 1520
0 5520
1 5520
0 1540
1 1540
0 5540
1 5540
0 9540
1 9540
0 1540
1 1540
0 5540
1 5540
0 1560
1 1560
0 5560
1 5560
0 9560
1 9560
0 1560
1 1560
0 5560
1 5560
0 1580
1 1580
0 5580
1 5580
0 9580
1 9580
0 1580
1 1580
0 5580
1 5580
0 15a0
1 15a0
0 55a0
1 55a0
0 95a0
1 95a0
0 15a0
1 15a0
0 55a0
1 55a0
0 15c0
1 15c0
0 55c0
1 55c0
0 95c0
1 95c0
0 15c0
1 15c0
0 55c0
1 55c0
0 15e0
1 15e0
0 55e0
1 55e0
0 95e0
1 95e0
0 15e0
1 15e0
0 55e0
1 55e0
0 1600
1 1600
0 5600
1 5600
0 9600
1 9600
0 1600
1 1600
0 5600
1 5600
0 1620
1 1620
0 5620
1 5620
0 9620
1 9620
0 1620
1 1620
0 5620
1 5620
0 1640
1 1640
0 5640
1 5640
0 9640
1 9640
0 1640
1 1640
0 5640
1 5640
0 1660
1 1660
0 5660
1 5660
0 9660
1 9660
0 1660
1 1660
0 5660
1 5660
0 1680
1 1680
0 5680
1 5680
0 9680
1 9680
0 1680
1 1680
0 5680
1 5680
0 16a0
1 16a0
0 56a0
1 56a0
0 96a0
1 96a0
0 16a0
1 16a0
0 56a0
1 56a0
0 16c0
1 16c0
0 56c0
1 56c0
0 96c0
1 96c0
0 16c0
1 16c0
0 56c0
1 56c0
0 16e0
1 16e0
0 56e0
1 56e0
0 96e0
1 96e0
0 16e0
1 16e0
0 56e0
1 56e0
0 1700
1 1700
0 5700
1 5700
0 9700
1 9700
0 1700
1 1700
0 5700
1 5700
0 1720
1 1720
0 5720
1 5720
0 9720
1 9720
0 1720
1 1720
0 5720
1 5720
0 1740
1 1740
0 5740
1 5740
0 9740
1 9740
0 1740
1 1740
0 5740
1 5740
0 1760
1 1760
0 5760
1 5760
0 9760
1 9760
0 1760
1 1760
0 5760
1 5760
0 1780
1 1780
0 5780
1 5780
0 9780
1 9780
0 1780
1 1780
0 5780
1 5780
0 17a0
1 17a0
0 57a0
1 57a0
0 97a0
1 97a0
0 17a0
1 17a0
0 57a0
1 57a0
0 17c0
1 17c0
0 57c0
1 57c0
0 97c0
1 97c0
0 17c0
1 17c0
0 57c0
1 57c0
0 17e0
1 17e0
0 57e0
1 57e0
0 97e0
1 97e0
0 17e0
1 17e0
0 57e0
1 57e0
0 1800
1 1800
0 5800
1 5800
0 9800
1 9800
0 1800
1 1800
0 5800
1 5800
0 1820
1 1820
0 5820
1 5820
0 9820
1 9820
0 1820
1 1820
0 5820
1 5820
0 1840
1 1840
0 5840
1 5840
0 9840
1 9840
0 1840
1 1840
0 5840
1 5840
0 1860
1 1860
0 5860
1 5860
0 9860
1 9860
0 1860
1 1860
0 5860
1 5860
0 1880
1 1880
0 5880
1 5880
0 9880
1 9880
0 1880
1 1880
0 5880
1 5880
0 18a0
1 18a0
0 58a0
1 58a0
0 98a0
1 98a0
0 18a0
1 18a0
0 58a0
1 58a0
0 18c0
1 18c0
0 58c0
1 58c0
0 98c0
1 98c0
0 18c0
1 18c0
0 58c0
1 58c0
0 18e0
1 18e0
0 58e0
1 58e0
0 98e0
1 98e0
0 18e0
1 18e0
0 58e0
1 58e0
0 1900
1 1900
0 5900
1 5900
0 9900
1 9900
0 1900
1 1900
0 5900
1 5900
0 1920
1 1920
0 5920
1 5920
0 9920
1 9920
0 1920
1 1920
0 5920
1 5920
0 1940
1 1940
0 5940
1 5940
0 9940
1 9940
0 1940
1 1940
0 5940
1 5940
0 1960
1 1960
0 5960
1 5960
0 9960
1 9960
0 1960
1 1960
0 5960
1 5960
0 1980
1 1980
0 5980
1 5980
0 9980
1 9980
0 1980
1 1980
0 5980
1 5980
0 19a0
1 19a0
0 59a0
1 59a0
0 99a0
1 99a0
0 19a0
1 19a0
0 59a0
1 59a0
0 19c0
1 19c0
0 59c0
1 59c0
0 99c0
1 99c0
0 19c0
1 19c0
0 59c0
1 59c0
0 19e0
1 19e0
0 59e0
1 59e0
0 99e0
1 99e0
0 19e0
1 19e0
0 59e0
1 59e0
0 1a00
1 1a00
0 5a00
1 5a00
0 9a00
1 9a00
0 1a00
1 1a00
0 5a00
1 5a00
0 1a20
1 1a20
0 5a20
1 5a20
0 9a20
1 9a20
0 1a20
1 1a20
0 5a20
1 5a20
0 1a40
1 1a40
0 5a40
1 5a40
0 9a40
1 9a40
0 1a40
1 1a40
0 5a40
1 5a40
0 1a60
1 1a60
0 5a60
1 5a60
0 9a60
1 9a60
0 1a60
1 1a60
0 5a60
1 5a60
0 1a80
1 1a80
0 5a80
1 5a80
0 9a80
1 9a80
0 1a80
1 1a80
0 5a80
1 5a80
0 1aa0
1 1aa0
0 5aa0
1 5aa0
0 9aa0
1 9aa0
0 1aa0
1 1aa0
0 5aa0
1 5aa0
0 1ac0
1 1ac0
0 5ac0
1 5ac0
0 9ac0
1 9ac0
0 1ac0
1 1ac0
0 5ac0
1 5ac0
0 1ae0
1 1ae0
0 5ae0
1 5ae0
0 9ae0
1 9ae0
0 1ae0
1 1ae0
0 5ae0
1 5ae0
0 1b00
1 1b00
0 5b00
1 5b00
0 9b00
1 9b00
0 1b00
1 1b00
0 5b00
1 5b00
0 1b20
1 1b20
0 5b20
1 5b20
0 9b20
1 9b20
0 1b20
1 1b20
0 5b20
1 5b20
0 1b40
1 1b40
0 5b40
1 5b40
0 9b40
1 9b40
0 1b40
1 1b40
0 5b40
1 5b40
0 1b60
1 1b60
0 5b60
1 5b60
0 9b60
1 9b60
0 1b60
1 1b60
0 5b60
1 5b60
0 1b80
1 1b80
0 5b80
1 5b80
0 9b80
1 9b80
0 1b80
1 1b80
0 5b80
1 5b80
0 1ba0
1 1ba0
0 5ba0
1 5ba0
0 9ba0
1 9ba0
0 1ba0
1 1ba0
0 5ba0
1 5ba0
0 1bc0
1 1bc0
0 5bc0
1 5bc0
0 9bc0
1 9bc0
0 1bc0
1 1bc0
0 5bc0
1 5bc0
0 1be0
1 1be0
0 5be0
1 5be0
0 9be0
1 9be0
0 1be0
1 1be0
0 5be0
1 5be0
0 1c00
1 1c00
0 5c00
1 5c00
0 9c00
1 9c00
0 1c00
1 1c00
0 5c00
1 5c00
0 1c20
1 1c20
0 5c20
1 5c20
0 9c20
1 9c20
0 1c20
1 1c20
0 5c20
1 5c20
0 1c40
1 1c40
0 5c40
1 5c40
0 9c40
1 9c40
0 1c40
1 1c40
0 5c40
1 5c40
0 1c60
1 1c60
0 5c60
1 5c60
0 9c60
1 9c60
0 1c60
1 1c60
0 5c60
1 5c60
0 1c80
1 1c80
0 5c80
1 5c80
0 9c80
1 9c80
0 1c80
1 1c80
0 5c80
1 5c80
0 1ca0
1 1ca0
0 5ca0
1 5ca0
0 9ca0
1 9ca0
0 1ca0
1 1ca0
0 5ca0
1 5ca0
0 1cc0
1 1cc0
0 5cc0
1 5cc0
0 9cc0
1 9cc0
0 1cc0
1 1cc0
0 5cc0
1 5cc0
0 1ce0
1 1ce0
0 5ce0
1 5ce0
0 9ce0
1 9ce0
0 1ce0
1 1ce0
0 5ce0
1 5ce0
0 1d00
1 1d00
0 5d00
1 5d00
0 9d00
1 9d00
0 1d00
1 1d00
0 5d00
1 5d00
0 1d20
1 1d20
0 5d20
1 5d20
0 9d20
1 9d20
0 1d20
1 1d20
0 5d20
1 5d20
0 1d40
1 1d40
0 5d40
1 5d40
0 9d40
1 9d40
0 1d40
1 1d40
0 5d40
1 5d40
0 1d60
1 1d60
0 5d60
1 5d60
0 9d60
1 9d60
0 1d60
1 1d60
0 5d60
1 5d60
0 1d80
1 1d80
0 5d80
1 5d80
0 9d80
1 9d80
0 1d80
1 1d80
0 5d80
1 5d80
0 1da0
1 1da0
0 5da0
1 5da0
0 9da0
1 9da0
0 1da0
1 1da0
0 5da0
1 5da0
0 1dc0
1 1dc0
0 5dc0
1 5dc0
0 9dc0
1 9dc0
0 1dc0
1 1dc0
0 5dc0
1 5dc0
0 1de0
1 1de0
0 5de0
1 5de0
0 9de0
1 9de0
0 1de0
1 1de0
0 5de0
1 5de0
0 1e00
1 1e00
0 5e00
1 5e00
0 9e00
1 9e00
0 1e00
1 1e00
0 5e00
1 5e00
0 1e20
1 1e20
0 5e20
1 5e20
0 9e20
1 9e20
0 1e20
1 1e20
0 5e20
1 5e20
0 1e40
1 1e40
0 5e40
1 5e40
0 9e40
1 9e40
0 1e40
1 1e40
0 5e40
1 5e40
0 1e60
1 1e60
0 5e60
1 5e60
0 9e60
1 9e60
0 1e60
1 1e60
0 5e60
1 5e60
0 1e80
1 1e80
0 5e80
1 5e80
0 9e80
1 9e80
0 1e80
1 1e80
0 5e80
1 5e80
0 1ea0
1 1ea0
0 5ea0
1 5ea0
0 9ea0
1 9ea0
0 1ea0
1 1ea0
0 5ea0
1 5ea0
0 1ec0
1 1ec0
0 5ec0
1 5ec0
0 9ec0
1 9ec0
0 1ec0
1 1ec0
0 5ec0
1 5ec0
0 1ee0
1 1ee0
0 5ee0
1 5ee0
0 9ee0
1 9ee0
0 1ee0
1 1ee0
0 5ee0
1 5ee0
0 1f00
1 1f00
0 5f00
1 5f00
0 9f00
1 9f00
0 1f00
1 1f00
0 5f00
1 5f00
0 1f20
1 1f20
0 5f20
1 5f20
0 9f20
1 9f20
0 1f20
1 1f20
0 5f20
1 5f20
0 1f40
1 1f40
0 5f40
1 5f40
0 9f40
1 9f40
0 1f40
1 1f40
0 5f40
1 5f40
0 1f60
1 1f60
0 5f60
1 5f60
0 9f60
1 9f60
0 1f60
1 1f60
0 5f60
1 5f60
0 1f80
1 1f80
0 5f80
1 5f80
0 9f80
1 9f80
0 1f80
1 1f80
0 5f80
1 5f80
0 1fa0
1 1fa0
0 5fa0
1 5fa0
0 9fa0
1 9fa0
0 1fa0
1 1fa0
0 5fa0
1 5fa0
0 1fc0
1 1fc0
0 5fc0
1 5fc0
0 9fc0
1 9fc0
0 1fc0
1 1fc0
0 5fc0
1 5fc0
0 1fe0
1 1fe0
0 5fe0
1 5fe0
0 9fe0
1 9fe0
0 1fe0
1 1fe0
0 5fe0
1 5fe0
0 2000
1 2000
0 6000
1 6000
0 a000
1 a000
0 2000
1 2000
0 6000
1 6000
0 2020
1 2020
0 6020
1 6020
0 a020
1 a020
0 2020
1 2020
0 6020
1 6020
0 2040
1 2040
0 6040
1 6040
0 a040
1 a040
0 2040
1 2040
0 6040
1 6040
0 2060
1 2060
0 6060
1 6060
0 a060
1 a060
0 2060
1 2060
0 6060
1 6060
0 2080
1 2080
0 6080
1 6080
0 a080
1 a080
0 2080
1 2080
0 6080
1 6080
0 20a0
1 20a0
0 60a0
1 60a0
0 a0a0
1 a0a0
0 20a0
1 20a0
0 60a0
1 60a0
0 20c0
1 20c0
0 60c0
1 60c0
0 a0c0
1 a0c0
0 20c0
1 20c0
0 60c0
1 60c0
0 20e0
1 20e0
0 60e0
1 60e0
0 a0e0
1 a0e0
0 20e0
1 20e0
0 60e0
1 60e0
0 2100
1 2100
0 6100
1 6100
0 a100
1 a100
0 2100
1 2100
0 6100
1 6100
0 2120
1 2120
0 6120
1 6120
0 a120
1 a120
0 2120
1 2120
0 6120
1 6120
0 2140
1 2140
0 6140
1 6140
0 a140
1 a140
0 2140
1 2140
0 6140
1 6140
0 2160
1 2160
0 6160
1 6160
0 a160
1 a160
0 2160
1 2160
0 6160
1 6160
0 2180
1 2180
0 6180
1 6180
0 a180
1 a180
0 2180
1 2180
0 6180
1 6180
0 21a0
1 21a0
0 61a0
1 61a0
0 a1a0
1 a1a0
0 21a0
1 21a0
0 61a0
1 61a0
0 21c0
1 21c0
0 61c0
1 61c0
0 a1c0
1 a1c0
0 21c0
1 21c0
0 61c0
1 61c0
0 21e0
1 21e0
0 61e0
1 61e0
0 a1e0
1 a1e0
0 21e0
1 21e0
0 61e0
1 61e0
0 2200
1 2200
0 6200
1 6200
0 a200
1 a200
0 2200
1 2200
0 6200
1 6200
0 2220
1 2220
0 6220
1 6220
0 a220
1 a220
0 2220
1 2220
0 6220
1 6220
0 2240
1 2240
0 6240
1 6240
0 a240
1 a240
0 2240
1 2240
0 6240
1 6240
0 2260
1 2260
0 6260
1 6260
0 a260
1 a260
0 2260
1 2260
0 6260
1 6260
0 2280
1 2280
0 6280
1 6280
0 a280
1 a280
0 2280
1 2280
0 6280
1 6280
0 22a0
1 22a0
0 62a0
1 62a0
0 a2a0
1 a2a0
0 22a0
1 22a0
0 62a0
1 62a0
0 22c0
1 22c0
0 62c0
1 62c0
0 a2c0
1 a2c0
0 22c0
1 22c0
0 62c0
1 62c0
0 22e0
1 22e0
0 62e0
1 62e0
0 a2e0
1 a2e0
0 22e0
1 22e0
0 62e0
1 62e0
0 2300
1 2300
0 6300
1 6300
0 a300
1 a300
0 2300
1 2300
0 6300
1 6300
0 2320
1 2320
0 6320
1 6320
0 a320
1 a320
0 2320
1 2320
0 6320
1 6320
0 2340
1 2340
0 6340
1 6340
0 a340
1 a340
0 2340
1 2340
0 6340
1 6340
0 2360
1 2360
0 6360
1 6360
0 a360
1 a360
0 2360
1 2360
0 6360
1 6360
0 2380
1 2380
0 6380
1 6380
0 a380
1 a380
0 2380
1 2380
0 6380
1 6380
0 23a0
1 23a0
0 63a0
1 63a0
0 a3a0
1 a3a0
0 23a0
1 23a0
0 63a0
1 63a0
0 23c0
1 23c0
0 63c0
1 63c0
0 a3c0
1 a3c0
0 23c0
1 23c0
0 63c0
1 63c0
0 23e0
1 23e0
0 63e0
1 63e0
0 a3e0
1 a3e0
0 23e0
1 23e0
0 63e0
1 63e0
0 2400
1 2400
0 6400
1 6400
0 a400
1 a400
0 2400
1 2400
0 6400
1 6400
0 2420
1 2420
0 6420
1 6420
0 a420
1 a420
0 2420
1 2420
0 6420
1 6420
0 2440
1 2440
0 6440
1 6440
0 a440
1 a440
0 2440
1 2440
0 6440
1 6440
0 2460
1 2460
0 6460
1 6460
0 a460
1 a460
0 2460
1 2460
0 6460
1 6460
0 2480
1 2480
0 6480
1 6480
0 a480
1 a480
0 2480
1 2480
0 6480
1 6480
0 24a0
1 24a0
0 64a0
1 64a0
0 a4a0
1 a4a0
0 24a0
1 24a0
0 64a0
1 64a0
0 24c0
1 24c0
0 64c0
1 64c0
0 a4c0
1 a4c0
0 24c0
1 24c0
0 64c0
1 64c0
0 24e0
1 24e0
0 64e0
1 64e0
0 a4e0
1 a4e0
0 24e0
1 24e0
0 64e0
1 64e0
0 2500
1 2500
0 6500
1 6500
0 a500
1 a500
0 2500
1 2500
0 6500
1 6500
0 2520
1 2520
0 6520
1 6520
0 a520
1 a520
0 2520
1 2520
0 6520
1 6520
0 2540
1 2540
0 6540
1 6540
0 a540
1 a540
0 2540
1 2540
0 6540
1 6540
0 2560
1 2560
0 6560
1 6560
0 a560
1 a560
0 2560
1 2560
0 6560
1 6560
0 2580
1 2580
0 6580
1 6580
0 a580
1 a580
0 2580
1 2580
0 6580
1 6580
0 25a0
1 25a0
0 65a0
1 65a0
0 a5a0
1 a5a0
0 25a0
1 25a0
0 65a0
1 65a0
0 25c0
1 25c0
0 65c0
1 65c0
0 a5c0
1 a5c0
0 25c0
1 25c0
0 65c0
1 65c0
0 25e0
1 25e0
0 65e0
1 65e0
0 a5e0
1 a5e0
0 25e0
1 25e0
0 65e0
1 65e0
0 2600
1 2600
0 6600
1 6600
0 a600
1 a600
0 2600
1 2600
0 6600
1 6600
0 2620
1 2620
0 6620
1 6620
0 a620
1 a620
0 2620
1 2620
0 6620
1 6620
0 2640
1 2640
0 6640
1 6640
0 a640
1 a640
0 2640
1 2640
0 6640
1 6640
0 2660
1 2660
0 6660
1 6660
0 a660
1 a660
0 2660
1 2660
0 6660
1 6660
0 2680
1 2680
0 6680
1 6680
0 a680
1 a680
0 2680
1 2680
0 6680
1 6680
0 26a0
1 26a0
0 66a0
1 66a0
0 a6a0
1 a6a0
0 26a0
1 26a0
0 66a0
1 66a0
0 26c0
1 26c0
0 66c0
1 66c0
0 a6c0
1 a6c0
0 26c0
1 26c0
0 66c0
1 66c0
0 26e0
1 26e0
0 66e0
1 66e0
0 a6e0
1 a6e0
0 26e0
1 26e0
0 66e0
1 66e0
0 2700
1 2700
0 6700
1 6700
0 a700
1 a700
0 2700
1 2700
0 6700
1 6700
0 2720
1 2720
0 6720
1 6720
0 a720
1 a720
0 2720
1 2720
0 6720
1 6720
0 2740
1 2740
0 6740
1 6740
0 a740
1 a740
0 2740
1 2740
0 6740
1 6740
0 2760
1 2760
0 6760
1 6760
0 a760
1 a760
0 2760
1 2760
0 6760
1 6760
0 2780
1 2780
0 6780
1 6780
0 a780
1 a780
0 2780
1 2780
0 6780
1 6780
0 27a0
1 27a0
0 67a0
1 67a0
0 a7a0
1 a7a0
0 27a0
1 27a0
0 67a0
1 67a0
0 27c0
1 27c0
0 67c0
1 67c0
0 a7c0
1 a7c0
0 27c0
1 27c0
0 67c0
1 67c0
0 27e0
1 27e0
0 67e0
1 67e0
0 a7e0
1 a7e0
0 27e0
1 27e0
0 67e0
1 67e0
0 2800
1 2800
0 6800
1 6800
0 a800
1 a800
0 2800
1 2800
0 6800
1 6800
0 2820
1 2820
0 6820
1 6820
0 a820
1 a820
0 2820
1 2820
0 6820
1 6820
0 2840
1 2840
0 6840
1 6840
0 a840
1 a840
0 2840
1 2840
0 6840
1 6840
0 2860
1 2860
0 6860
1 6860
0 a860
1 a860
0 2860
1 2860
0 6860
1 6860
0 2880
1 2880
0 6880
1 6880
0 a880
1 a880
0 2880
1 2880
0 6880
1 6880
0 28a0
1 28a0
0 68a0
1 68a0
0 a8a0
1 a8a0
0 28a0
1 28a0
0 68a0
1 68a0
0 28c0
1 28c0
0 68c0
1 68c0
0 a8c0
1 a8c0
0 28c0
1 28c0
0 68c0
1 68c0
0 28e0
1 28e0
0 68e0
1 68e0
0 a8e0
1 a8e0
0 28e0
1 28e0
0 68e0
1 68e0
0 2900
1 2900
0 6900
1 6900
0 a900
1 a900
0 2900
1 2900
0 6900
1 6900
0 2920
1 2920
0 6920
1 6920
0 a920
1 a920
0 2920
1 2920
0 6920
1 6920
0 2940
1 2940
0 6940
1 6940
0 a940
1 a940
0 2940
1 2940
0 6940
1 6940
0 2960
1 2960
0 6960
1 6960
0 a960
1 a960
0 2960
1 2960
0 6960
1 6960
0 2980
1 2980
0 6980
1 6980
0 a980
1 a980
0 2980
1 2980
0 6980
1 6980
0 29a0
1 29a0
0 69a0
1 69a0
0 a9a0
1 a9a0
0 29a0
1 29a0
0 69a0
1 69a0
0 29c0
1 29c0
0 69c0
1 69c0
0 a9c0
1 a9c0
0 29c0
1 29c0
0 69c0
1 69c0
0 29e0
1 29e0
0 69e0
1 69e0
0 a9e0
1 a9e0
0 29e0
1 29e0
0 69e0
1 69e0
0 2a00
1 2a00
0 6a00
1 6a00
0 aa00
1 aa00
0 2a00
1 2a00
0 6a00
1 6a00
0 2a20
1 2a20
0 6a20
1 6a20
0 aa20
1 aa20
0 2a20
1 2a20
0 6a20
1 6a20
0 2a40
1 2a40
0 6a40
1 6a40
0 aa40
1 aa40
0 2a40
1 2a40
0 6a40
1 6a40
0 2a60
1 2a60
0 6a60
1 6a60
0 aa60
1 aa60
0 2a60
1 2a60
0 6a60
1 6a60
0 2a80
1 2a80
0 6a80
1 6a80
0 aa80
1 aa80
0 2a80
1 2a80
0 6a80
1 6a80
0 2aa0
1 2aa0
0 6aa0
1 6aa0
0 aaa0
1 aaa0
0 2aa0
1 2aa0
0 6aa0
1 6aa0
0 2ac0
1 2ac0
0 6ac0
1 6ac0
0 aac0
1 aac0
0 2ac0
1 2ac0
0 6ac0
1 6ac0
0 2ae0
1 2ae0
0 6ae0
1 6ae0
0 aae0
1 aae0
0 2ae0
1 2ae0
0 6ae0
1 6ae0
0 2b00
1 2b00
0 6b00
1 6b00
0 ab00
1 ab00
0 2b00
1 2b00
0 6b00
1 6b00
0 2b20
1 2b20
0 6b20
1 6b20
0 ab20
1 ab20
0 2b20
1 2b20
0 6b20
1 6b20
0 2b40
1 2b40
0 6b40
1 6b40
0 ab40
1 ab40
0 2b40
1 2b40
0 6b40
1 6b40
0 2b60
1 2b60
0 6b60
1 6b60
0 ab60
1 ab60
0 2b60
1 2b60
0 6b60
1 6b60
0 2b80
1 2b80
0 6b80
1 6b80
0 ab80
1 ab80
0 2b80
1 2b80
0 6b80
1 6b80
0 2ba0
1 2ba0
0 6ba0
1 6ba0
0 aba0
1 aba0
0 2ba0
1 2ba0
0 6ba0
1 6ba0
0 2bc0
1 2bc0
0 6bc0
1 6bc0
0 abc0
1 abc0
0 2bc0
1 2bc0
0 6bc0
1 6bc0
0 2be0
1 2be0
0 6be0
1 6be0
0 abe0
1 abe0
0 2be0
1 2be0
0 6be0
1 6be0
0 2c00
1 2c00
0 6c00
1 6c00
0 ac00
1 ac00
0 2c00
1 2c00
0 6c00
1 6c00
0 2c20
1 2c20
0 6c20
1 6c20
0 ac20
1 ac20
0 2c20
1 2c20
0 6c20
1 6c20
0 2c40
1 2c40
0 6c40
1 6c40
0 ac40
1 ac40
0 2c40
1 2c40
0 6c40
1 6c40
0 2c60
1 2c60
0 6c60
1 6c60
0 ac60
1 ac60
0 2c60
1 2c60
0 6c60
1 6c60
0 2c80
1 2c80
0 6c80
1 6c80
0 ac80
1 ac80
0 2c80
1 2c80
0 6c80
1 6c80
0 2ca0
1 2ca0
0 6ca0
1 6ca0
0 aca0
1 aca0
0 2ca0
1 2ca0
0 6ca0
1 6ca0
0 2cc0
1 2cc0
0 6cc0
1 6cc0
0 acc0
1 acc0
0 2cc0
1 2cc0
0 6cc0
1 6cc0
0 2ce0
1 2ce0
0 6ce0
1 6ce0
0 ace0
1 ace0
0 2ce0
1 2ce0
0 6ce0
1 6ce0
0 2d00
1 2d00
0 6d00
1 6d00
0 ad00
1 ad00
0 2d00
1 2d00
0 6d00
1 6d00
0 2d20
1 2d20
0 6d20
1 6d20
0 ad20
1 ad20
0 2d20
1 2d20
0 6d20
1 6d20
0 2d40
1 2d40
0 6d40
1 6d40
0 ad40
1 ad40
0 2d40
1 2d40
0 6d40
1 6d40
0 2d60
1 2d60
0 6d60
1 6d60
0 ad60
1 ad60
0 2d60
1 2d60
0 6d60
1 6d60
0 2d80
1 2d80
0 6d80
1 6d80
0 ad80
1 ad80
0 2d80
1 2d80
0 6d80
1 6d80
0 2da0
1 2da0
0 6da0
1 6da0
0 ada0
1 ada0
0 2da0
1 2da0
0 6da0
1 6da0
0 2dc0
1 2dc0
0 6dc0
1 6dc0
0 adc0
1 adc0
0 2dc0
1 2dc0
0 6dc0
1 6dc0
0 2de0
1 2de0
0 6de0
1 6de0
0 ade0
1 ade0
0 2de0
1 2de0
0 6de0
1 6de0
0 2e00
1 2e00
0 6e00
1 6e00
0 ae00
1 ae00
0 2e00
1 2e00
0 6e00
1 6e00
0 2e20
1 2e20
0 6e20
1 6e20
0 ae20
1 ae20
0 2e20
1 2e20
0 6e20
1 6e20
0 2e40
1 2e40
0 6e40
1 6e40
0 ae40
1 ae40
0 2e40
1 2e40
0 6e40
1 6e40
0 2e60
1 2e60
0 6e60
1 6e60
0 ae60
1 ae60
0 2e60
1 2e60
0 6e60
1 6e60
0 2e80
1 2e80
0 6e80
1 6e80
0 ae80
1 ae80
0 2e80
1 2e80
0 6e80
1 6e80
0 2ea0
1 2ea0
0 6ea0
1 6ea0
0 aea0
1 aea0
0 2ea0
1 2ea0
0 6ea0
1 6ea0
0 2ec0
1 2ec0
0 6ec0
1 6ec0
0 aec0
1 aec0
0 2ec0
1 2ec0
0 6ec0
1 6ec0
0 2ee0
1 2ee0
0 6ee0
1 6ee0
0 aee0
1 aee0
0 2ee0
1 2ee0
0 6ee0
1 6ee0
0 2f00
1 2f00
0 6f00
1 6f00
0 af00
1 af00
0 2f00
1 2f00
0 6f00
1 6f00
0 2f20
1 2f20
0 6f20
1 6f20
0 af20
1 af20
0 2f20
1 2f20
0 6f20
1 6f20
0 2f40
1 2f40
0 6f40
1 6f40
0 af40
1 af40
0 2f40
1 2f40
0 6f40
1 6f40
0 2f60
1 2f60
0 6f60
1 6f60
0 af60
1 af60
0 2f60
1 2f60
0 6f60
1 6f60
0 2f80
1 2f80
0 6f80
1 6f80
0 af80
1 af80
0 2f80
1 2f80
0 6f80
1 6f80
0 2fa0
1 2fa0
0 6fa0
1 6fa0
0 afa0
1 afa0
0 2fa0
1 2fa0
0 6fa0
1 6fa0
0 2fc0
1 2fc0
0 6fc0
1 6fc0
0 afc0
1 afc0
0 2fc0
1 2fc0
0 6fc0
1 6fc0
0 2fe0
1 2fe0
0 6fe0
1 6fe0
0 afe0
1 afe0
0 2fe0
1 2fe0
0 6fe0
1 6fe0
0 3000
1 3000
0 7000
1 7000
0 b000
1 b000
0 3000
1 3000
0 7000
1 7000
0 3020
1 3020
0 7020
1 7020
0 b020
1 b020
0 3020
1 3020
0 7020
1 7020
0 3040
1 3040
0 7040
1 7040
0 b040
1 b040
0 3040
1 3040
0 7040
1 7040
0 3060
1 3060
0 7060
1 7060
0 b060
1 b060
0 3060
1 3060
0 7060
1 7060
0 3080
1 3080
0 7080
1 7080
0 b080
1 b080
0 3080
1 3080
0 7080
1 7080
0 30a0
1 30a0
0 70a0
1 70a0
0 b0a0
1 b0a0
0 30a0
1 30a0
0 70a0
1 70a0
0 30c0
1 30c0
0 70c0
1 70c0
0 b0c0
1 b0c0
0 30c0
1 30c0
0 70c0
1 70c0
0 30e0
1 30e0
0 70e0
1 70e0
0 b0e0
1 b0e0
0 30e0
1 30e0
0 70e0
1 70e0
0 3100
1 3100
0 7100
1 7100
0 b100
1 b100
0 3100
1 3100
0 7100
1 7100
0 3120
1 3120
0 7120
1 7120
0 b120
1 b120
0 3120
1 3120
0 7120
1 7120
0 3140
1 3140
0 7140
1 7140
0 b140
1 b140
0 3140
1 3140
0 7140
1 7140
0 3160
1 3160
0 7160
1 7160
0 b160
1 b160
0 3160
1 3160
0 7160
1 7160
0 3180
1 3180
0 7180
1 7180
0 b180
1 b180
0 3180
1 3180
0 7180
1 7180
0 31a0
1 31a0
0 71a0
1 71a0
0 b1a0
1 b1a0
0 31a0
1 31a0
0 71a0
1 71a0
0 31c0
1 31c0
0 71c0
1 71c0
0 b1c0
1 b1c0
0 31c0
1 31c0
0 71c0
1 71c0
0 31e0
1 31e0
0 71e0
1 71e0
0 b1e0
1 b1e0
0 31e0
1 31e0
0 71e0
1 71e0
0 3200
1 3200
0 7200
1 7200
0 b200
1 b200
0 3200
1 3200
0 7200
1 7200
0 3220
1 3220
0 7220
1 7220
0 b220
1 b220
0 3220
1 3220
0 7220
1 7220
0 3240
1 3240
0 7240
1 7240
0 b240
1 b240
0 3240
1 3240
0 7240
1 7240
0 3260
1 3260
0 7260
1 7260
0 b260
1 b260
0 3260
1 3260
0 7260
1 7260
0 3280
1 3280
0 7280
1 7280
0 b280
1 b280
0 3280
1 3280
0 7280
1 7280
0 32a0
1 32a0
0 72a0
1 72a0
0 b2a0
1 b2a0
0 32a0
1 32a0
0 72a0
1 72a0
0 32c0
1 32c0
0 72c0
1 72c0
0 b2c0
1 b2c0
0 32c0
1 32c0
0 72c0
1 72c0
0 32e0
1 32e0
0 72e0
1 72e0
0 b2e0
1 b2e0
0 32e0
1 32e0
0 72e0
1 72e0
0 3300
1 3300
0 7300
1 7300
0 b300
1 b300
0 3300
1 3300
0 7300
1 7300
0 3320
1 3320
0 7320
1 7320
0 b320
1 b320
0 3320
1 3320
0 7320
1 7320
0 3340
1 3340
0 7340
1 7340
0 b340
1 b340
0 3340
1 3340
0 7340
1 7340
0 3360
1 3360
0 7360
1 7360
0 b360
1 b360
0 3360
1 3360
0 7360
1 7360
0 3380
1 3380
0 7380
1 7380
0 b380
1 b380
0 3380
1 3380
0 7380
1 7380
0 33a0
1 33a0
0 73a0
1 73a0
0 b3a0
1 b3a0
0 33a0
1 33a0
0 73a0
1 73a0
0 33c0
1 33c0
0 73c0
1 73c0
0 b3c0
1 b3c0
0 33c0
1 33c0
0 73c0
1 73c0
0 33e0
1 33e0
0 73e0
1 73e0
0 b3e0
1 b3e0
0 33e0
1 33e0
0 73e0
1 73e0
0 3400
1 3400
0 7400
1 7400
0 b400
1 b400
0 3400
1 3400
0 7400
1 7400
0 3420
1 3420
0 7420
1 7420
0 b420
1 b420
0 3420
1 3420
0 7420
1 7420
0 3440
1 3440
0 7440
1 7440
0 b440
1 b440
0 3440
1 3440
0 7440
1 7440
0 3460
1 3460
0 7460
1 7460
0 b460
1 b460
0 3460
1 3460
0 7460
1 7460
0 3480
1 3480
0 7480
1 7480
0 b480
1 b480
0 3480
1 3480
0 7480
1 7480
0 34a0
1 34a0
0 74a0
1 74a0
0 b4a0
1 b4a0
0 34a0
1 34a0
0 74a0
1 74a0
0 34c0
1 34c0
0 74c0
1 74c0
0 b4c0
1 b4c0
0 34c0
1 34c0
0 74c0
1 74c0
0 34e0
1 34e0
0 74e0
1 74e0
0 b4e0
1 b4e0
0 34e0
1 34e0
0 74e0
1 74e0
0 3500
1 3500
0 7500
1 7500
0 b500
1 b500
0 3500
1 3500
0 7500
1 7500
0 3520
1 3520
0 7520
1 7520
0 b520
1 b520
0 3520
1 3520
0 7520
1 7520
0 3540
1 3540
0 7540
1 7540
0 b540
1 b540
0 3540
1 3540
0 7540
1 7540
0 3560
1 3560
0 7560
1 7560
0 b560
1 b560
0 3560
1 3560
0 7560
1 7560
0 3580
1 3580
0 7580
1 7580
0 b580
1 b580
0 3580
1 3580
0 7580
1 7580
0 35a0
1 35a0
0 75a0
1 75a0
0 b5a0
1 b5a0
0 35a0
1 35a0
0 75a0
1 75a0
0 35c0
1 35c0
0 75c0
1 75c0
0 b5c0
1 b5c0
0 35c0
1 35c0
0 75c0
1 75c0
0 35e0
1 35e0
0 75e0
1 75e0
0 b5e0
1 b5e0
0 35e0
1 35e0
0 75e0
1 75e0
0 3600
1 3600
0 7600
1 7600
0 b600
1 b600
0 3600
1 3600
0 7600
1 7600
0 3620
1 3620
0 7620
1 7620
0 b620
1 b620
0 3620
1 3620
0 7620
1 7620
0 3640
1 3640
0 7640
1 7640
0 b640
1 b640
0 3640
1 3640
0 7640
1 7640
0 3660
1 3660
0 7660
1 7660
0 b660
1 b660
0 3660
1 3660
0 7660
1 7660
0 3680
1 3680
0 7680
1 7680
0 b680
1 b680
0 3680
1 3680
0 7680
1 7680
0 36a0
1 36a0
0 76a0
1 76a0
0 b6a0
1 b6a0
0 36a0
1 36a0
0 76a0
1 76a0
0 36c0
1 36c0
0 76c0
1 76c0
0 b6c0
1 b6c0
0 36c0
1 36c0
0 76c0
1 76c0
0 36e0
1 36e0
0 76e0
1 76e0
0 b6e0
1 b6e0
0 36e0
1 36e0
0 76e0
1 76e0
0 3700
1 3700
0 7700
1 7700
0 b700
1 b700
0 3700
1 3700
0 7700
1 7700
0 3720
1 3720
0 7720
1 7720
0 b720
1 b720
0 3720
1 3720
0 7720
1 7720
0 3740
1 3740
0 7740
1 7740
0 b740
1 b740
0 3740
1 3740
0 7740
1 7740
0 3760
1 3760
0 7760
1 7760
0 b760
1 b760
0 3760
1 3760
0 7760
1 7760
0 3780
1 3780
0 7780
1 7780
0 b780
1 b780
0 3780
1 3780
0 7780
1 7780
0 37a0
1 37a0
0 77a0
1 77a0
0 b7a0
1 b7a0
0 37a0
1 37a0
0 77a0
1 77a0
0 37c0
1 37c0
0 77c0
1 77c0
0 b7c0
1 b7c0
0 37c0
1 37c0
0 77c0
1 77c0
0 37e0
1 37e0
0 77e0
1 77e0
0 b7e0
1 b7e0
0 37e0
1 37e0
0 77e0
1 77e0
0 3800
1 3800
0 7800
1 7800
0 b800
1 b800
0 3800
1 3800
0 7800
1 7800
0 3820
1 3820
0 7820
1 7820
0 b820
1 b820
0 3820
1 3820
0 7820
1 7820
0 3840
1 3840
0 7840
1 7840
0 b840
1 b840
0 3840
1 3840
0 7840
1 7840
0 3860
1 3860
0 7860
1 7860
0 b860
1 b860
0 3860
1 3860
0 7860
1 7860
0 3880
1 3880
0 7880
1 7880
0 b880
1 b880
0 3880
1 3880
0 7880
1 7880
0 38a0
1 38a0
0 78a0
1 78a0
0 b8a0
1 b8a0
0 38a0
1 38a0
0 78a0
1 78a0
0 38c0
1 38c0
0 78c0
1 78c0
0 b8c0
1 b8c0
0 38c0
1 38c0
0 78c0
1 78c0
0 38e0
1 38e0
0 78e0
1 78e0
0 b8e0
1 b8e0
0 38e0
1 38e0
0 78e0
1 78e0
0 3900
1 3900
0 7900
1 7900
0 b900
1 b900
0 3900
1 3900
0 7900
1 7900
0 3920
1 3920
0 7920
1 7920
0 b920
1 b920
0 3920
1 3920
0 7920
1 7920
0 3940
1 3940
0 7940
1 7940
0 b940
1 b940
0 3940
1 3940
0 7940
1 7940
0 3960
1 3960
0 7960
1 7960
0 b960
1 b960
0 3960
1 3960
0 7960
1 7960
0 3980
1 3980
0 7980
1 7980
0 b980
1 b980
0 3980
1 3980
0 7980
1 7980
0 39a0
1 39a0
0 79a0
1 79a0
0 b9a0
1 b9a0
0 39a0
1 39a0
0 79a0
1 79a0
0 39c0
1 39c0
0 79c0
1 79c0
0 b9c0
1 b9c0
0 39c0
1 39c0
0 79c0
1 79c0
0 39e0
1 39e0
0 79e0
1 79e0
0 b9e0
1 b9e0
0 39e0
1 39e0
0 79e0
1 79e0
0 3a00
1 3a00
0 7a00
1 7a00
0 ba00
1 ba00
0 3a00
1 3a00
0 7a00
1 7a00
0 3a20
1 3a20
0 7a20
1 7a20
0 ba20
1 ba20
0 3a20
1 3a20
0 7a20
1 7a20
0 3a40
1 3a40
0 7a40
1 7a40
0 ba40
1 ba40
0 3a40
1 3a40
0 7a40
1 7a40
0 3a60
1 3a60
0 7a60
1 7a60
0 ba60
1 ba60
0 3a60
1 3a60
0 7a60
1 7a60
0 3a80
1 3a80
0 7a80
1 7a80
0 ba80
1 ba80
0 3a80
1 3a80
0 7a80
1 7a80
0 3aa0
1 3aa0
0 7aa0
1 7aa0
0 baa0
1 baa0
0 3aa0
1 3aa0
0 7aa0
1 7aa0
0 3ac0
1 3ac0
0 7ac0
1 7ac0
0 bac0
1 bac0
0 3ac0
1 3ac0
0 7ac0
1 7ac0
0 3ae0
1 3ae0
0 7ae0
1 7ae0
0 bae0
1 bae0
0 3ae0
1 3ae0
0 7ae0
1 7ae0
0 3b00
1 3b00
0 7b00
1 7b00
0 bb00
1 bb00
0 3b00
1 3b00
0 7b00
1 7b00
0 3b20
1 3b20
0 7b20
1 7b20
0 bb20
1 bb20
0 3b20
1 3b20
0 7b20
1 7b20
0 3b40
1 3b40
0 7b40
1 7b40
0 bb40
1 bb40
0 3b40
1 3b40
0 7b40
1 7b40
0 3b60
1 3b60
0 7b60
1 7b60
0 bb60
1 bb60
0 3b60
1 3b60
0 7b60
1 7b60
0 3b80
1 3b80
0 7b80
1 7b80
0 bb80
1 bb80
0 3b80
1 3b80
0 7b80
1 7b80
0 3ba0
1 3ba0
0 7ba0
1 7ba0
0 bba0
1 bba0
0 3ba0
1 3ba0
0 7ba0
1 7ba0
0 3bc0
1 3bc0
0 7bc0
1 7bc0
0 bbc0
1 bbc0
0 3bc0
1 3bc0
0 7bc0
1 7bc0
0 3be0
1 3be0
0 7be0
1 7be0
0 bbe0
1 bbe0
0 3be0
1 3be0
0 7be0
1 7be0
0 3c00
1 3c00
0 7c00
1 7c00
0 bc00
1 bc00
0 3c00
1 3c00
0 7c00
1 7c00
0 3c20
1 3c20
0 7c20
1 7c20
0 bc20
1 bc20
0 3c20
1 3c20
0 7c20
1 7c20
0 3c40
1 3c40
0 7c40
1 7c40
0 bc40
1 bc40
0 3c40
1 3c40
0 7c40
1 7c40
0 3c60
1 3c60
0 7c60
1 7c60
0 bc60
1 bc60
0 3c60
1 3c60
0 7c60
1 7c60
0 3c80
1 3c80
0 7c80
1 7c80
0 bc80
1 bc80
0 3c80
1 3c80
0 7c80
1 7c80
0 3ca0
1 3ca0
0 7ca0
1 7ca0
0 bca0
1 bca0
0 3ca0
1 3ca0
0 7ca0
1 7ca0
0 3cc0
1 3cc0
0 7cc0
1 7cc0
0 bcc0
1 bcc0
0 3cc0
1 3cc0
0 7cc0
1 7cc0
0 3ce0
1 3ce0
0 7ce0
1 7ce0
0 bce0
1 bce0
0 3ce0
1 3ce0
0 7ce0
1 7ce0
0 3d00
1 3d00
0 7d00
1 7d00
0 bd00
1 bd00
0 3d00
1 3d00
0 7d00
1 7d00
0 3d20
1 3d20
0 7d20
1 7d20
0 bd20
1 bd20
0 3d20
1 3d20
0 7d20
1 7d20
0 3d40
1 3d40
0 7d40
1 7d40
0 bd40
1 bd40
0 3d40
1 3d40
0 7d40
1 7d40
0 3d60
1 3d60
0 7d60
1 7d60
0 bd60
1 bd60
0 3d60
1 3d60
0 7d60
1 7d60
0 3d80
1 3d80
0 7d80
1 7d80
0 bd80
1 bd80
0 3d80
1 3d80
0 7d80
1 7d80
0 3da0
1 3da0
0 7da0
1 7da0
0 bda0
1 bda0
0 3da0
1 3da0
0 7da0
1 7da0
0 3dc0
1 3dc0
0 7dc0
1 7dc0
0 bdc0
1 bdc0
0 3dc0
1 3dc0
0 7dc0
1 7dc0
0 3de0
1 3de0
0 7de0
1 7de0
0 bde0
1 bde0
0 3de0
1 3de0
0 7de0
1 7de0
0 3e00
1 3e00
0 7e00
1 7e00
0 be00
1 be00
0 3e00
1 3e00
0 7e00
1 7e00
0 3e20
1 3e20
0 7e20
1 7e20
0 be20
1 be20
0 3e20
1 3e20
0 7e20
1 7e20
0 3e40
1 3e40
0 7e40
1 7e40
0 be40
1 be40
0 3e40
1 3e40
0 7e40
1 7e40
0 3e60
1 3e60
0 7e60
1 7e60
0 be60
1 be60
0 3e60
1 3e60
0 7e60
1 7e60
0 3e80
1 3e80
0 7e80
1 7e80
0 be80
1 be80
0 3e80
1 3e80
0 7e80
1 7e80
0 3ea0
1 3ea0
0 7ea0
1 7ea0
0 bea0
1 bea0
0 3ea0
1 3ea0
0 7ea0
1 7ea0
0 3ec0
1 3ec0
0 7ec0
1 7ec0
0 bec0
1 bec0
0 3ec0
1 3ec0
0 7ec0
1 7ec0
0 3ee0
1 3ee0
0 7ee0
1 7ee0
0 bee0
1 bee0
0 3ee0
1 3ee0
0 7ee0
1 7ee0
0 3f00
1 3f00
0 7f00
1 7f00
0 bf00
1 bf00
0 3f00
1 3f00
0 7f00
1 7f00
0 3f20
1 3f20
0 7f20
1 7f20
0 bf20
1 bf20
0 3f20
1 3f20
0 7f20
1 7f20
0 3f40
1 3f40
0 7f40
1 7f40
0 bf40
1 bf40
0 3f40
1 3f40
0 7f40
1 7f40
0 3f60
1 3f60
0 7f60
1 7f60
0 bf60
1 bf60
0 3f60
1 3f60
0 7f60
1 7f60
0 3f80
1 3f80
0 7f80
1 7f80
0 bf80
1 bf80
0 3f80
1 3f80
0 7f80
1 7f80
0 3fa0
1 3fa0
0 7fa0
1 7fa0
0 bfa0
1 bfa0
0 3fa0
1 3fa0
0 7fa0
1 7fa0
0 3fc0
1 3fc0
0 7fc0
1 7fc0
0 bfc0
1 bfc0
0 3fc0
1 3fc0
0 7fc0
1 7fc0
0 3fe0
1 3fe0
0 7fe0
1 7fe0
0 bfe0
1 bfe0
0 3fe0
1 3fe0
0 7fe0
1 7fe0
